# mjd     filter    flux     fluxerr    mag     magerr  zpt    magsys fluxcalAB fluxcalerrAB fluxcalVega  fluxcalerrVega  magVega   zptvega  
56820.06   F435W    -0.027    0.053     27.66  -9.00   25.665   AB       -0.149    0.288    -0.13564         0.26218    27.761      25.767
56821.85   F435W     0.105    0.054     28.11   0.56   25.665   AB	     0.568    0.287     0.51707         0.26127    28.216	   25.767
56823.77   F435W     0.022    0.053     29.80   2.59   25.665   AB	     0.120    0.286     0.10924         0.26036    29.904	   25.767
56824.97   F435W     0.021    0.053     29.85   2.72   25.665   AB	     0.115    0.288     0.10469         0.26218    29.950	   25.767
56828.68   F435W    -0.148    0.054     27.65  -9.00   25.665   AB	    -0.801    0.289    -0.72918         0.26309    27.757	   25.767
56830.87   F435W     0.100    0.055     28.16   0.59   25.665   AB	     0.544    0.290     0.49522         0.26400    28.263	   25.767
56832.86   F435W    -0.080    0.053     27.66  -9.00   25.665   AB	    -0.431    0.288    -0.39235         0.26218    27.761	   25.767
56833.86   F435W    -0.002    0.053     27.67  -9.00   25.665   AB	    -0.011    0.285    -0.01001         0.25944    27.772	   25.767
56839.50   F435W    -0.022    0.052     27.68  -9.00   25.665   AB	    -0.118    0.282    -0.10742         0.25671    27.784	   25.767

56792.06   F606W     0.363    0.087     27.59   0.26   26.493   AB	     0.917    0.210     0.99259         0.22731    27.508	   26.407
56792.98   F606W     0.692    0.108     26.89   0.17   26.493   AB	     1.750    0.240     1.89425         0.25978    26.806	   26.407
56797.10   F606W     0.968    0.113     26.53   0.13   26.493   AB	     2.447    0.221     2.64871         0.23922    26.442	   26.407
56800.08   F606W     0.844    0.105     26.68   0.14   26.493   AB	     2.134    0.215     2.30991         0.23272    26.591	   26.407
56804.99   F606W     0.977    0.112     26.52   0.13   26.493   AB	     2.471    0.218     2.67469         0.23597    26.432	   26.407
																							                                                         	         
56792.99   F814W     1.639    0.159     25.41   0.07   25.947   AB	     6.851    0.433    10.12404         0.63986    24.987	   25.523
56797.11   F814W     3.376    0.286     24.63   0.05   25.947   AB	    14.111    0.589    20.85248         0.87039    24.202	   25.523
56798.95   F814W     3.951    0.330     24.46   0.04   25.947   AB	    16.515    0.654    24.40499         0.96645    24.031	   25.523
56800.10   F814W     3.854    0.324     24.48   0.04   25.947   AB	    16.111    0.647    23.80798         0.95610    24.058	   25.523
56801.89   F814W     4.102    0.339     24.41   0.04   25.947   AB	    17.147    0.641    25.33892         0.94724    23.991	   25.523
56802.95   F814W     4.325    0.357     24.36   0.04   25.947   AB	    18.080    0.670    26.71766         0.99009    23.933	   25.523
56803.93   F814W     4.402    0.362     24.34   0.04   25.947   AB	    18.401    0.670    27.19202         0.99009    23.914	   25.523
56804.08   F814W     4.658    0.387     24.28   0.04   25.947   AB	    19.470    0.746    28.77173         1.10240    23.853	   25.523
56812.08   F814W     4.705    0.432     24.27   0.06   25.947   AB	    19.666    1.078    29.06137         1.59301    23.842	   25.523
56815.93   F814W     4.026    0.411     24.43   0.08   25.947   AB	    16.831    1.190    24.87195         1.75852    24.011	   25.523
56820.07   F814W     3.508    0.295     24.58   0.04   25.947   AB	    14.663    0.595    21.66820         0.87926    24.160	   25.523
56821.87   F814W     3.541    0.298     24.57   0.04   25.947   AB	    14.802    0.600    21.87361         0.88665    24.150	   25.523
56823.79   F814W     2.876    0.246     24.80   0.05   25.947   AB	    12.021    0.518    17.76399         0.76547    24.376	   25.523
56824.99   F814W     3.060    0.260     24.73   0.05   25.947   AB	    12.792    0.539    18.90334         0.79651    24.309	   25.523
56828.70   F814W     2.777    0.238     24.84   0.05   25.947   AB	    11.609    0.506    17.15516         0.74774    24.414	   25.523
56830.89   F814W     2.395    0.208     25.00   0.05   25.947   AB	    10.013    0.462    14.79668         0.68272    24.575	   25.523
56832.88   F814W     2.331    0.203     25.03   0.05   25.947   AB	     9.743    0.453    14.39769         0.66942    24.604	   25.523
56833.88   F814W     2.389    0.208     25.00   0.05   25.947   AB	     9.987    0.462    14.75826         0.68272    24.577	   25.523
56839.52   F814W     1.673    0.154     25.39   0.06   25.947   AB	     6.993    0.390    10.33388         0.57632    24.964	   25.523
																							                                                         	         
56833.14   F105W     7.504    0.239     24.08   0.03   26.269   AB	    23.3174   0.7420   42.23963         1.34415    23.436	  25.6236
56841.82   F105W     5.822    0.208     24.36   0.04   26.269   AB	    18.0900   0.6477   32.77016         1.17348    23.711	  25.6236
56850.06   F105W     3.952    0.207     24.78   0.06   26.269   AB	    12.2813   0.6427   22.24766         1.16440    24.132	  25.6236
56860.62   F105W     2.899    0.167     25.11   0.06   26.269   AB	     9.0082   0.5203   16.31854         0.94257    24.468	  25.6236
56886.63   F105W     1.216    0.147     26.06   0.13   26.269   AB	     3.7787   0.4576    6.84521         0.82898    25.412	  25.6236
56891.67   F105W     0.971    0.324     26.30   0.36   26.269   AB	     3.0177   1.0074    5.46668         1.82493    25.656	  25.6236
56893.20   F105W     0.954    0.242     26.32   0.28   26.269   AB	     2.9650   0.7533    5.37121         1.36463    25.675	  25.6236
56954.64   F105W     0.521    0.388     26.98   0.81   26.269   AB	     1.6178   1.2057    2.93078         2.18428    26.333	  25.6236
																							                                                         	         
56817.08   F125W     8.459    0.191     23.91   0.02   26.230   AB	    27.2477   0.6152   62.47839         1.41085    23.011	  25.3293
56833.15   F125W     7.753    0.255     24.01   0.04   26.230   AB	    24.9719   0.8217   57.26003         1.88434    23.105	  25.3293
56841.83   F125W     6.015    0.227     24.28   0.04   26.230   AB	    19.3749   0.7325   44.42623         1.67980    23.381	  25.3293
56850.07   F125W     4.343    0.224     24.64   0.06   26.230   AB	    13.9894   0.7220   32.07739         1.65553    23.735	  25.3293
																							                                                         	         
56891.86   F140W     2.578    0.344     25.42   0.14   26.452   AB	     6.7695   0.9030   18.24223         2.43340    24.347	  25.3761
56893.06   F140W     3.026    0.449     25.25   0.16   26.452   AB	     7.9445   1.1781   21.40075         3.17354    23.974	  25.3761
56955.58   F140W     1.218    0.269     26.24   0.24   26.452   AB	     3.1986   0.7066    8.61951         1.90429    25.161	  25.3761
																							                                                         	         
56817.09   F160W     4.831    0.263     24.24   0.06   25.946   AB	    20.2114   1.1017   63.99653         3.48853    22.985	  24.6949
56833.21   F160W     3.965    0.241     24.45   0.07   25.946   AB	    16.5912   1.0071   52.53368         3.18909    23.199	  24.6949
56841.84   F160W     3.011    0.234     24.75   0.08   25.946   AB	    12.5992   0.9780   39.89358         3.09686    23.498	  24.6949
56850.08   F160W     2.744    0.223     24.85   0.09   25.946   AB	    11.4819   0.9333   36.35580         2.95543    23.599	  24.6949
56860.67   F160W     2.002    0.229     25.19   0.12   25.946   AB        8.3765   0.9582   26.51576         3.03302    23.941     24.6949
56886.64   F160W     1.677    0.191     25.38   0.12   25.946   AB	     7.0178   0.7998   22.22115         2.53246    24.133	  24.6949
